392663870
782551931
708879234
369348817
330083916
410833146
411334088
890553664
297000043
448568805
554234394
855118475
670336531
672485946
176953667
945911381
921722090
304676787
598316578
636606411
843551332
108915261
595030307
235895629
113068461
430888290
216086278
954797451
629848718
978669021
402374153
411456679
449352074
34564618
431877673
836823287
449874304
978654198
744252488
238737853
819701849
317909988
701870707
676205337
960286771
983804398
482796945
280420865
522984599
583744720
481215999
942737260
358209400
411339959
904670437
600620997
532823037
577146249
980797936
454809664
917957982
857647450
975555376
85509274
220415216
6192229
995066424
883012470
166799056
286013921
510142040
184125732
981596321
288073493
221379497
206018166
887650785
952931095
997766082
657923685
417099693
774997215
351494046
157324622
320318268
755342851
493741801
868659849
513771599
439198960
290044318
341827010
983758602
589761009
844779895
255473399
559660045
306551607
204564997
670013521
